pt0: -0.025 0.01 0 
pt1: -0.01535 0.01 0.0146
pt2:  0.01535 0.01 0.0146
pt3:  0.025 0.01 0  
pt4: -0.025 -0.01 0
pt5: -0.01535 -0.01 0.0146
pt6:  0.01535 -0.01 0.0146
pt7:  0.025 -0.01 0