R_camera2gimbal: [-0.0026279658504365228, 0.052573341826133685, 0.9986136077205846, -0.9933366750574453, -0.1151969757159746, 0.0034506190332027347, 0.11521867809217419, -0.9919504526513033, 0.05252576228448547]
t_camera2gimbal: [1.2511274577343516, -0.256089496389468, 0.5925846850508534]